org_id remap_id
22 0
35 1
41 2
47 3
58 4
81 5
84 6
89 7
98 8
113 9
125 10
135 11
145 12
152 13
154 14
169 15
170 16
208 17
209 18
216 19
221 20
223 21
240 22
261 23
264 24
277 25
291 26
299 27
303 28
304 29
309 30
314 31
316 32
345 33
371 34
373 35
374 36
388 37
391 38
395 39
402 40
404 41
405 42
415 43
417 44
451 45
461 46
502 47
512 48
513 49
515 50
531 51
533 52
546 53
548 54
561 55
587 56
620 57
626 58
639 59
646 60
653 61
657 62
662 63
713 64
714 65
718 66
740 67
744 68
783 69
804 70
834 71
843 72
854 73
860 74
873 75
878 76
881 77
899 78
924 79
948 80
956 81
960 82
961 83
966 84
970 85
1001 86
1011 87
1015 88
1018 89
1034 90
1038 91
1039 92
1055 93
1056 94
1061 95
1071 96
1078 97
1083 98
1094 99
1100 100
1108 101
1135 102
1137 103
1157 104
1158 105
1190 106
1204 107
1222 108
1224 109
1227 110
1236 111
1243 112
1270 113
1291 114
1292 115
1295 116
1305 117
1321 118
1363 119
1378 120
1394 121
1398 122
1399 123
1438 124
1443 125
1449 126
1451 127
1462 128
1464 129
1484 130
1498 131
1503 132
1504 133
1505 134
1506 135
1525 136
1536 137
1571 138
1577 139
1580 140
1586 141
1589 142
1592 143
1595 144
1604 145
1615 146
1626 147
1641 148
1656 149
1659 150
1663 151
1682 152
1688 153
1696 154
1720 155
1725 156
1754 157
1756 158
1758 159
1759 160
1771 161
1786 162
1788 163
1803 164
1816 165
1823 166
1832 167
1838 168
1840 169
1841 170
1849 171
1860 172
1888 173
1891 174
1897 175
1900 176
1919 177
1921 178
1924 179
1938 180
1942 181
1945 182
1951 183
1962 184
1974 185
1980 186
1981 187
1997 188
1998 189
2019 190
2020 191
2023 192
2035 193
2040 194
2050 195
2073 196
2075 197
2089 198
2091 199
2092 200
2112 201
2139 202
2150 203
2166 204
2195 205
2201 206
2204 207
2212 208
2221 209
2227 210
2241 211
2258 212
2261 213
2266 214
2320 215
2326 216
2333 217
2376 218
2384 219
2391 220
2393 221
2408 222
2415 223
2423 224
2431 225
2435 226
2436 227
2447 228
2452 229
2457 230
2459 231
2474 232
2490 233
2520 234
2521 235
2525 236
2549 237
2552 238
2553 239
2559 240
2567 241
2569 242
2587 243
2589 244
2590 245
2629 246
2641 247
2648 248
2682 249
2684 250
2688 251
2700 252
2708 253
2709 254
2739 255
2753 256
2760 257
2775 258
2777 259
2782 260
2784 261
2808 262
2813 263
2825 264
2830 265
2840 266
2842 267
2850 268
2851 269
2860 270
2871 271
2874 272
2884 273
2907 274
2916 275
2925 276
2926 277
2927 278
2931 279
2936 280
2951 281
2957 282
2961 283
2962 284
2979 285
2986 286
2988 287
2998 288
3013 289
3029 290
3045 291
3048 292
3049 293
3050 294
3052 295
3058 296
3063 297
3103 298
3112 299
3118 300
3120 301
3124 302
3125 303
3131 304
3142 305
3156 306
3168 307
3178 308
3198 309
3200 310
3218 311
3231 312
3262 313
3270 314
3281 315
3283 316
3292 317
3294 318
3306 319
3308 320
3309 321
3310 322
3318 323
3319 324
3323 325
3334 326
3339 327
3349 328
3352 329
3355 330
3356 331
3365 332
3371 333
3381 334
3384 335
3398 336
3406 337
3411 338
3425 339
3431 340
3437 341
3461 342
3462 343
3471 344
3482 345
3491 346
3505 347
3506 348
3516 349
3540 350
3542 351
3570 352
3579 353
3583 354
3601 355
3618 356
3634 357
3676 358
3687 359
3691 360
3694 361
3697 362
3704 363
3709 364
3730 365
3731 366
3734 367
3735 368
3742 369
3743 370
3771 371
3779 372
3784 373
3794 374
3797 375
3800 376
3803 377
3808 378
3832 379
3844 380
3846 381
3847 382
3857 383
3859 384
3862 385
3868 386
3873 387
3887 388
3912 389
3913 390
3926 391
3929 392
3941 393
3951 394
3956 395
3979 396
3993 397
4014 398
4035 399
4049 400
4059 401
4071 402
4134 403
4157 404
4159 405
4172 406
4192 407
4220 408
4224 409
4240 410
4275 411
4279 412
4283 413
4299 414
4322 415
4323 416
4324 417
4331 418
4335 419
4341 420
4342 421
4348 422
4357 423
4362 424
4374 425
4376 426
4384 427
4389 428
4393 429
4397 430
4403 431
4437 432
4439 433
4442 434
4444 435
4460 436
4471 437
4473 438
4493 439
4494 440
4496 441
4498 442
4501 443
4504 444
4505 445
4517 446
4524 447
4534 448
4549 449
4560 450
4562 451
4580 452
4581 453
4585 454
4586 455
4587 456
4591 457
4597 458
4607 459
4608 460
4632 461
4641 462
4642 463
4656 464
4658 465
4665 466
4681 467
4693 468
4694 469
4713 470
4724 471
4730 472
4781 473
4792 474
4799 475
4831 476
4840 477
4842 478
4845 479
4856 480
4860 481
4870 482
4879 483
4887 484
4889 485
4903 486
4910 487
4912 488
4917 489
4933 490
4939 491
4940 492
4948 493
4952 494
4960 495
4962 496
4994 497
5003 498
5017 499
5019 500
5032 501
5050 502
5053 503
5055 504
5083 505
5091 506
5092 507
5147 508
5154 509
5161 510
5164 511
5175 512
5176 513
5191 514
5209 515
5223 516
5230 517
5233 518
5247 519
5255 520
5272 521
5323 522
5324 523
5329 524
5338 525
5358 526
5368 527
5377 528
5385 529
5386 530
5391 531
5402 532
5406 533
5423 534
5438 535
5450 536
5465 537
5467 538
5468 539
5471 540
5472 541
5477 542
5479 543
5480 544
5501 545
5504 546
5511 547
5512 548
5517 549
5524 550
5537 551
5546 552
5554 553
5556 554
5570 555
5574 556
5587 557
5597 558
5615 559
5642 560
5653 561
5661 562
5662 563
5664 564
5674 565
5675 566
5676 567
5692 568
5693 569
5697 570
5708 571
5716 572
5724 573
5736 574
5738 575
5745 576
5750 577
5752 578
5755 579
5760 580
5770 581
5794 582
5815 583
5819 584
5820 585
5823 586
5848 587
5864 588
5874 589
5876 590
5877 591
5892 592
5895 593
5897 594
5909 595
5935 596
5939 597
5966 598
5992 599
5998 600
6025 601
6030 602
6044 603
6054 604
6058 605
6086 606
6101 607
6105 608
6107 609
6113 610
6126 611
6130 612
6132 613
6140 614
6158 615
6165 616
6168 617
6172 618
6174 619
6176 620
6181 621
6223 622
6225 623
6226 624
6241 625
6244 626
6251 627
6289 628
6300 629
6315 630
6316 631
6318 632
6329 633
6374 634
6393 635
6403 636
6407 637
6428 638
6457 639
6465 640
6479 641
6492 642
6509 643
6524 644
6534 645
6535 646
6542 647
6545 648
6547 649
6563 650
6575 651
6577 652
6581 653
6601 654
6608 655
6616 656
6621 657
6624 658
6629 659
6642 660
6656 661
6658 662
6662 663
6681 664
6701 665
6723 666
6730 667
6732 668
6733 669
6735 670
6743 671
6752 672
6770 673
6774 674
6778 675
6781 676
6788 677
6792 678
6794 679
6803 680
6805 681
6844 682
6861 683
6869 684
6870 685
6877 686
6920 687
6926 688
6927 689
6940 690
6941 691
6943 692
6981 693
6993 694
7011 695
7022 696
7035 697
7038 698
7045 699
7069 700
7111 701
7118 702
7119 703
7137 704
7140 705
7150 706
7156 707
7161 708
7167 709
7169 710
7176 711
7180 712
7189 713
7226 714
7236 715
7238 716
7242 717
7243 718
7250 719
7253 720
7274 721
7282 722
7283 723
7286 724
7297 725
7313 726
7315 727
7318 728
7332 729
7350 730
7356 731
7367 732
7368 733
7376 734
7384 735
7391 736
7394 737
7400 738
7411 739
7413 740
7414 741
7455 742
7456 743
7469 744
7475 745
7484 746
7502 747
7525 748
7528 749
7537 750
7574 751
7583 752
7584 753
7597 754
7606 755
7609 756
7622 757
7627 758
7629 759
7634 760
7654 761
7672 762
7673 763
7678 764
7684 765
7717 766
7721 767
7743 768
7751 769
7758 770
7762 771
7764 772
7783 773
7784 774
7798 775
7804 776
7817 777
7819 778
7840 779
7842 780
7874 781
7879 782
7886 783
7896 784
7899 785
7902 786
7927 787
7930 788
7936 789
7943 790
7944 791
7948 792
7949 793
7954 794
7957 795
7969 796
7992 797
8011 798
8013 799
8019 800
8032 801
8052 802
8053 803
8075 804
8077 805
8080 806
8108 807
8110 808
8111 809
8119 810
8121 811
8128 812
8131 813
8133 814
8134 815
8135 816
8153 817
8164 818
8175 819
8176 820
8181 821
8187 822
8204 823
8247 824
8257 825
8270 826
8271 827
8279 828
8281 829
8338 830
8355 831
8359 832
8381 833
8385 834
8403 835
8410 836
8430 837
8432 838
8450 839
8475 840
8478 841
8481 842
8495 843
8500 844
8525 845
8538 846
8545 847
8552 848
8556 849
8557 850
8570 851
8591 852
8596 853
8611 854
8616 855
8617 856
8627 857
8631 858
8654 859
8655 860
8662 861
8683 862
8690 863
8692 864
8700 865
8733 866
8748 867
8759 868
8760 869
8778 870
8780 871
8791 872
8795 873
8796 874
8799 875
8800 876
8805 877
8806 878
8811 879
8817 880
8828 881
8839 882
8846 883
8861 884
8883 885
8884 886
8888 887
8900 888
8907 889
8911 890
8912 891
8940 892
8956 893
8960 894
8962 895
8977 896
8979 897
9002 898
9006 899
9010 900
9016 901
9023 902
9024 903
9032 904
9042 905
9050 906
9059 907
9072 908
9075 909
9087 910
9092 911
9116 912
9120 913
9142 914
9167 915
9169 916
9170 917
9184 918
9186 919
9187 920
9205 921
9210 922
9224 923
9250 924
9262 925
9263 926
9275 927
9292 928
9324 929
9336 930
9341 931
9352 932
9374 933
9387 934
9394 935
9407 936
9412 937
9425 938
9430 939
9459 940
9464 941
9470 942
9478 943
9480 944
9485 945
9517 946
9521 947
9529 948
9546 949
9550 950
9554 951
9557 952
9562 953
9563 954
9571 955
9589 956
9626 957
9635 958
9650 959
9651 960
9663 961
9667 962
9670 963
9672 964
9678 965
9680 966
9684 967
9686 968
9700 969
9745 970
9746 971
9752 972
9755 973
9771 974
9776 975
9777 976
9780 977
9781 978
9790 979
9792 980
9805 981
9806 982
9822 983
9826 984
9829 985
9836 986
9839 987
9844 988
9846 989
9854 990
9866 991
9867 992
9884 993
9888 994
9891 995
9894 996
9900 997
9923 998
9930 999
9934 1000
9958 1001
9968 1002
9983 1003
10006 1004
10009 1005
10010 1006
10030 1007
10053 1008
10062 1009
10076 1010
10098 1011
10101 1012
10102 1013
10104 1014
10106 1015
10127 1016
10134 1017
10155 1018
10163 1019
10180 1020
10189 1021
10190 1022
10194 1023
10220 1024
10226 1025
10246 1026
10253 1027
10262 1028
10267 1029
10269 1030
10279 1031
10281 1032
10290 1033
10295 1034
10305 1035
10308 1036
10322 1037
10367 1038
10370 1039
10376 1040
10388 1041
10396 1042
10420 1043
10422 1044
10427 1045
10443 1046
10444 1047
10448 1048
10449 1049
10450 1050
10457 1051
10469 1052
10472 1053
10477 1054
10483 1055
10493 1056
10507 1057
10514 1058
10524 1059
10538 1060
10544 1061
10554 1062
10558 1063
10571 1064
10579 1065
10603 1066
10605 1067
10630 1068
10651 1069
10654 1070
10678 1071
10681 1072
10686 1073
10690 1074
10694 1075
10706 1076
10724 1077
10741 1078
10745 1079
10751 1080
10769 1081
10798 1082
10801 1083
10809 1084
10822 1085
10823 1086
10833 1087
10835 1088
10845 1089
10849 1090
10851 1091
10855 1092
10856 1093
10862 1094
10864 1095
10865 1096
10870 1097
10886 1098
10899 1099
10910 1100
10968 1101
10977 1102
10978 1103
10998 1104
11001 1105
11019 1106
11028 1107
11046 1108
11061 1109
11067 1110
11070 1111
11071 1112
11073 1113
11160 1114
11165 1115
11200 1116
11217 1117
11228 1118
11230 1119
11241 1120
11244 1121
11258 1122
11263 1123
11265 1124
11267 1125
11273 1126
11280 1127
11283 1128
11285 1129
11289 1130
11303 1131
11309 1132
11333 1133
11342 1134
11349 1135
11351 1136
11360 1137
11364 1138
11395 1139
11400 1140
11413 1141
11414 1142
11422 1143
11426 1144
11429 1145
11460 1146
11484 1147
11489 1148
11495 1149
11507 1150
11509 1151
11519 1152
11523 1153
11533 1154
11540 1155
11597 1156
11598 1157
11609 1158
11614 1159
11626 1160
11632 1161
11641 1162
11656 1163
11659 1164
11692 1165
11712 1166
11715 1167
11728 1168
11738 1169
11740 1170
11747 1171
11750 1172
11756 1173
11764 1174
11767 1175
11771 1176
11772 1177
11781 1178
11784 1179
11793 1180
11800 1181
11803 1182
11808 1183
11810 1184
11819 1185
11823 1186
11832 1187
11833 1188
11854 1189
11926 1190
11956 1191
11960 1192
11973 1193
11986 1194
12012 1195
12021 1196
12043 1197
12044 1198
12048 1199
12067 1200
12070 1201
12088 1202
12093 1203
12104 1204
12147 1205
12157 1206
12159 1207
12179 1208
12184 1209
12185 1210
12197 1211
12204 1212
12205 1213
12210 1214
12216 1215
12224 1216
12225 1217
12229 1218
12232 1219
12241 1220
12242 1221
12252 1222
12259 1223
12262 1224
12270 1225
12293 1226
12294 1227
12299 1228
12301 1229
12303 1230
12309 1231
12322 1232
12329 1233
12335 1234
12336 1235
12347 1236
12353 1237
12359 1238
12369 1239
12398 1240
12409 1241
12427 1242
12428 1243
12441 1244
12443 1245
12446 1246
12448 1247
12451 1248
12454 1249
12458 1250
12460 1251
12473 1252
12475 1253
12489 1254
12499 1255
12506 1256
12533 1257
12541 1258
12549 1259
12550 1260
12551 1261
12552 1262
12560 1263
12568 1264
12573 1265
12577 1266
12581 1267
12583 1268
12623 1269
12639 1270
12644 1271
12646 1272
12666 1273
12675 1274
12684 1275
12698 1276
12707 1277
12717 1278
12722 1279
12726 1280
12727 1281
12729 1282
12734 1283
12741 1284
12751 1285
12767 1286
12803 1287
12816 1288
12831 1289
12836 1290
12862 1291
12868 1292
12874 1293
12875 1294
12876 1295
12879 1296
12922 1297
12928 1298
12936 1299
12943 1300
12962 1301
12966 1302
12969 1303
12974 1304
12984 1305
12987 1306
12996 1307
12999 1308
13005 1309
13007 1310
13008 1311
13013 1312
13020 1313
13024 1314
13032 1315
13040 1316
13049 1317
13051 1318
13094 1319
13115 1320
13126 1321
13132 1322
13133 1323
13134 1324
13137 1325
13163 1326
13181 1327
13200 1328
13204 1329
13218 1330
13241 1331
13251 1332
13257 1333
13272 1334
13280 1335
13284 1336
13287 1337
13304 1338
13320 1339
13333 1340
13342 1341
13370 1342
13377 1343
13397 1344
13406 1345
13408 1346
13411 1347
13418 1348
13426 1349
13436 1350
13447 1351
13464 1352
13478 1353
13487 1354
13490 1355
13500 1356
13513 1357
13522 1358
13531 1359
13535 1360
13536 1361
13543 1362
13551 1363
13559 1364
13563 1365
13565 1366
13566 1367
13573 1368
13580 1369
13612 1370
13619 1371
13626 1372
13630 1373
13632 1374
13639 1375
13642 1376
13648 1377
13656 1378
13683 1379
13693 1380
13704 1381
13706 1382
13715 1383
13717 1384
13722 1385
13724 1386
13737 1387
13741 1388
13749 1389
13751 1390
13756 1391
13774 1392
13778 1393
13790 1394
13791 1395
13798 1396
13819 1397
13838 1398
13862 1399
13865 1400
13873 1401
13879 1402
13883 1403
13887 1404
13897 1405
13931 1406
13959 1407
13971 1408
13980 1409
13998 1410
14011 1411
14014 1412
14018 1413
14030 1414
14058 1415
14065 1416
14068 1417
14070 1418
14075 1419
14078 1420
14105 1421
14109 1422
14110 1423
14122 1424
14133 1425
14150 1426
14160 1427
14193 1428
14210 1429
14211 1430
14218 1431
14227 1432
14237 1433
14243 1434
14253 1435
14266 1436
14315 1437
14322 1438
14335 1439
14343 1440
14357 1441
14359 1442
14367 1443
14383 1444
14387 1445
14409 1446
14421 1447
14425 1448
14451 1449
14460 1450
14462 1451
14474 1452
14478 1453
14495 1454
14496 1455
14519 1456
14530 1457
14544 1458
14559 1459
14573 1460
14583 1461
14597 1462
14607 1463
14614 1464
14617 1465
14628 1466
14635 1467
14638 1468
14639 1469
14697 1470
14707 1471
14714 1472
14715 1473
14731 1474
14736 1475
14738 1476
14763 1477
14778 1478
14787 1479
14808 1480
14810 1481
14812 1482
14817 1483
14825 1484
14835 1485
14856 1486
14858 1487
14888 1488
14899 1489
14908 1490
14915 1491
14920 1492
14939 1493
14942 1494
14956 1495
14959 1496
14966 1497
14968 1498
14985 1499
14993 1500
15003 1501
15012 1502
15022 1503
15037 1504
15040 1505
15059 1506
15062 1507
15093 1508
15100 1509
15105 1510
15126 1511
15140 1512
15151 1513
15171 1514
15172 1515
15173 1516
15182 1517
15196 1518
15201 1519
15211 1520
15213 1521
15239 1522
15240 1523
15250 1524
15270 1525
15271 1526
15278 1527
15292 1528
15336 1529
15384 1530
15418 1531
15426 1532
15428 1533
15431 1534
15434 1535
15453 1536
15456 1537
15458 1538
15468 1539
15473 1540
15479 1541
15500 1542
15516 1543
15517 1544
15535 1545
15545 1546
15551 1547
15559 1548
15571 1549
15581 1550
15587 1551
15588 1552
15597 1553
15602 1554
15606 1555
15624 1556
15643 1557
15645 1558
15653 1559
15662 1560
15669 1561
15671 1562
15675 1563
15693 1564
15696 1565
15698 1566
15703 1567
15708 1568
15711 1569
15718 1570
15722 1571
15739 1572
15743 1573
15750 1574
15785 1575
15816 1576
15818 1577
15819 1578
15824 1579
15833 1580
15865 1581
15867 1582
15874 1583
15879 1584
15881 1585
15903 1586
15911 1587
15947 1588
15964 1589
15977 1590
15986 1591
15992 1592
16001 1593
16011 1594
16013 1595
16016 1596
16017 1597
16023 1598
16026 1599
16038 1600
16039 1601
16042 1602
16044 1603
16062 1604
16070 1605
16075 1606
16076 1607
16087 1608
16089 1609
16109 1610
16112 1611
16122 1612
16129 1613
16157 1614
16158 1615
16166 1616
16184 1617
16190 1618
16210 1619
16216 1620
16219 1621
16230 1622
16232 1623
16240 1624
16246 1625
16257 1626
16258 1627
16264 1628
16266 1629
16294 1630
16297 1631
16309 1632
16347 1633
16361 1634
16370 1635
16371 1636
16379 1637
16399 1638
16409 1639
16418 1640
16443 1641
16450 1642
16452 1643
16456 1644
16462 1645
16466 1646
16493 1647
16511 1648
16522 1649
16535 1650
16551 1651
16561 1652
16562 1653
16563 1654
16571 1655
16600 1656
16606 1657
16623 1658
16673 1659
16696 1660
16723 1661
16733 1662
16737 1663
16738 1664
16754 1665
16761 1666
16763 1667
16767 1668
16791 1669
16803 1670
16818 1671
16819 1672
16825 1673
16856 1674
16884 1675
16895 1676
16900 1677
16908 1678
16924 1679
16935 1680
16948 1681
16950 1682
16965 1683
16996 1684
16999 1685
17021 1686
17029 1687
17031 1688
17048 1689
17049 1690
17050 1691
17060 1692
17075 1693
17080 1694
17123 1695
17137 1696
17142 1697
17165 1698
17168 1699
17174 1700
17178 1701
17179 1702
17180 1703
17183 1704
17185 1705
17218 1706
17219 1707
17229 1708
17245 1709
17250 1710
17292 1711
17306 1712
17307 1713
17310 1714
17329 1715
17347 1716
17348 1717
17360 1718
17361 1719
17366 1720
17383 1721
17400 1722
17401 1723
17430 1724
17439 1725
17441 1726
17469 1727
17486 1728
17487 1729
17490 1730
17510 1731
17512 1732
17518 1733
17522 1734
17535 1735
17547 1736
17551 1737
17555 1738
17561 1739
17576 1740
17582 1741
17585 1742
17592 1743
17593 1744
17604 1745
17608 1746
17613 1747
17616 1748
17617 1749
17626 1750
17648 1751
17654 1752
17671 1753
17686 1754
17698 1755
17713 1756
17732 1757
17742 1758
17745 1759
17761 1760
17764 1761
17794 1762
17796 1763
17799 1764
17802 1765
17814 1766
17829 1767
17840 1768
17842 1769
17879 1770
17892 1771
17900 1772
17902 1773
17903 1774
17909 1775
17925 1776
17933 1777
17934 1778
17945 1779
17961 1780
17997 1781
18011 1782
18013 1783
18025 1784
18026 1785
18033 1786
18043 1787
18044 1788
18066 1789
18076 1790
18084 1791
18089 1792
18090 1793
18110 1794
18116 1795
18121 1796
18123 1797
18130 1798
18133 1799
18140 1800
18157 1801
18160 1802
18177 1803
18183 1804
18214 1805
18217 1806
18230 1807
18242 1808
18251 1809
18261 1810
18284 1811
18287 1812
18292 1813
18310 1814
18312 1815
18318 1816
18334 1817
18345 1818
18366 1819
18379 1820
18397 1821
18401 1822
18414 1823
18416 1824
18428 1825
18432 1826
18438 1827
18451 1828
18455 1829
18457 1830
18465 1831
18468 1832
18474 1833
18476 1834
18478 1835
18479 1836
18486 1837
18489 1838
18513 1839
18526 1840
18531 1841
18535 1842
18541 1843
18551 1844
18566 1845
18569 1846
18572 1847
18575 1848
18595 1849
18600 1850
18605 1851
18606 1852
18610 1853
18624 1854
18634 1855
18643 1856
18658 1857
18670 1858
18680 1859
18717 1860
18726 1861
18728 1862
18735 1863
18741 1864
18744 1865
18751 1866
18761 1867
18766 1868
18767 1869
18770 1870
18772 1871
18791 1872
18805 1873
18813 1874
18835 1875
18849 1876
18864 1877
18870 1878
18877 1879
18883 1880
18895 1881
18918 1882
18921 1883
18922 1884
18927 1885
18937 1886
18941 1887
18950 1888
18955 1889
18977 1890
19015 1891
19022 1892
19030 1893
19069 1894
19078 1895
19081 1896
19086 1897
19093 1898
19104 1899
19108 1900
19120 1901
19122 1902
19136 1903
19137 1904
19152 1905
19159 1906
19187 1907
19197 1908
19202 1909
19205 1910
19216 1911
19222 1912
19229 1913
19230 1914
19234 1915
19235 1916
19246 1917
19253 1918
19265 1919
19286 1920
19289 1921
19298 1922
19319 1923
19323 1924
19324 1925
19338 1926
19357 1927
19384 1928
19387 1929
19388 1930
19395 1931
19405 1932
19406 1933
19415 1934
19453 1935
19456 1936
19457 1937
19458 1938
19461 1939
19462 1940
19465 1941
19477 1942
19498 1943
19516 1944
19523 1945
19541 1946
19543 1947
19557 1948
19559 1949
19560 1950
19561 1951
19566 1952
19588 1953
19592 1954
19593 1955
19596 1956
19661 1957
19667 1958
19693 1959
19698 1960
19715 1961
19739 1962
19751 1963
19756 1964
19766 1965
19769 1966
19805 1967
19823 1968
19830 1969
19845 1970
19848 1971
19887 1972
19900 1973
19909 1974
19934 1975
19944 1976
19950 1977
19954 1978
19955 1979
19957 1980
19990 1981
19997 1982
19998 1983
20019 1984
20031 1985
20033 1986
20036 1987
20063 1988
20076 1989
20107 1990
20110 1991
20115 1992
20123 1993
20135 1994
20140 1995
20149 1996
20174 1997
20186 1998
20187 1999
20190 2000
20202 2001
20207 2002
20217 2003
20229 2004
20240 2005
20245 2006
20258 2007
20270 2008
20289 2009
20296 2010
20307 2011
20308 2012
20322 2013
20325 2014
20337 2015
20375 2016
20405 2017
20407 2018
20416 2019
20418 2020
20434 2021
20481 2022
20482 2023
20499 2024
20512 2025
20518 2026
20535 2027
20552 2028
20562 2029
20572 2030
20580 2031
20597 2032
20611 2033
20619 2034
20635 2035
20653 2036
20654 2037
20666 2038
20668 2039
20677 2040
20722 2041
20734 2042
20738 2043
20753 2044
20758 2045
20762 2046
20771 2047
20778 2048
20784 2049
20787 2050
20791 2051
20802 2052
20821 2053
20824 2054
20838 2055
20846 2056
20864 2057
20880 2058
20897 2059
20904 2060
20908 2061
20911 2062
20912 2063
20916 2064
20929 2065
20942 2066
20947 2067
20959 2068
20982 2069
20987 2070
20989 2071
20991 2072
21014 2073
21021 2074
21023 2075
21027 2076
21030 2077
21032 2078
21058 2079
21061 2080
21074 2081
21079 2082
21080 2083
21113 2084
21122 2085
21125 2086
21132 2087
21136 2088
21143 2089
21153 2090
21164 2091
21167 2092
21173 2093
21191 2094
21192 2095
21200 2096
21207 2097
21210 2098
21212 2099
21213 2100
21232 2101
21243 2102
21257 2103
21261 2104
21263 2105
21272 2106
21293 2107
21295 2108
21299 2109
21316 2110
21330 2111
21333 2112
21347 2113
21351 2114
21374 2115
21393 2116
21399 2117
21415 2118
21416 2119
21418 2120
21419 2121
21421 2122
21444 2123
21449 2124
21450 2125
21456 2126
21476 2127
21478 2128
21482 2129
21486 2130
21492 2131
21494 2132
21499 2133
21524 2134
21538 2135
21548 2136
21563 2137
21564 2138
21574 2139
21583 2140
21603 2141
21633 2142
21644 2143
21646 2144
21648 2145
21660 2146
21681 2147
21685 2148
21691 2149
21693 2150
21696 2151
21699 2152
21704 2153
21706 2154
21708 2155
21736 2156
21761 2157
21762 2158
21774 2159
21780 2160
21808 2161
21826 2162
21848 2163
21871 2164
21882 2165
21893 2166
21896 2167
21922 2168
21930 2169
21949 2170
21955 2171
21977 2172
21998 2173
22002 2174
22008 2175
22015 2176
22020 2177
22023 2178
22037 2179
22045 2180
22052 2181
22063 2182
22069 2183
22072 2184
22074 2185
22086 2186
22089 2187
22098 2188
22146 2189
22158 2190
22171 2191
22175 2192
22176 2193
22185 2194
22188 2195
22189 2196
22190 2197
22199 2198
22201 2199
22206 2200
22229 2201
22241 2202
22259 2203
22267 2204
22272 2205
22281 2206
22291 2207
22293 2208
22305 2209
22306 2210
22307 2211
22308 2212
22316 2213
22320 2214
22321 2215
22338 2216
22354 2217
22365 2218
22371 2219
22378 2220
22384 2221
22387 2222
22414 2223
22426 2224
22427 2225
22436 2226
22441 2227
22456 2228
22470 2229
22480 2230
22481 2231
22488 2232
22489 2233
22497 2234
22504 2235
22513 2236
22516 2237
22533 2238
22545 2239
22551 2240
22560 2241
22563 2242
22572 2243
22581 2244
22587 2245
22601 2246
22606 2247
22617 2248
22619 2249
22624 2250
22625 2251
22626 2252
22665 2253
22684 2254
22700 2255
22702 2256
22713 2257
22718 2258
22722 2259
22723 2260
22725 2261
22726 2262
22729 2263
22742 2264
22764 2265
22772 2266
22780 2267
22783 2268
22793 2269
22794 2270
22812 2271
22816 2272
22821 2273
22831 2274
22835 2275
22845 2276
22847 2277
22848 2278
22859 2279
22867 2280
22894 2281
22919 2282
22950 2283
22951 2284
22954 2285
22955 2286
22961 2287
22965 2288
22984 2289
22986 2290
22991 2291
22996 2292
22998 2293
23001 2294
23003 2295
23030 2296
23045 2297
23050 2298
23054 2299
23058 2300
23060 2301
23061 2302
23070 2303
23085 2304
23086 2305
23089 2306
23091 2307
23092 2308
23098 2309
23101 2310
23126 2311
23133 2312
23172 2313
23185 2314
23196 2315
23202 2316
23211 2317
23231 2318
23244 2319
23251 2320
23269 2321
23289 2322
23290 2323
23301 2324
23303 2325
23310 2326
23319 2327
23320 2328
23341 2329
23351 2330
23354 2331
23355 2332
23367 2333
23375 2334
23397 2335
23400 2336
23406 2337
23436 2338
23451 2339
23491 2340
23492 2341
23506 2342
23547 2343
23552 2344
23559 2345
23563 2346
23593 2347
23602 2348
23603 2349
23606 2350
23618 2351
23622 2352
23623 2353
23631 2354
23635 2355
23638 2356
23647 2357
23658 2358
23659 2359
23664 2360
23672 2361
23684 2362
23687 2363
23695 2364
23700 2365
23709 2366
23710 2367
23729 2368
23734 2369
23738 2370
23743 2371
23751 2372
23757 2373
23762 2374
23767 2375
23789 2376
23803 2377
23807 2378
23825 2379
23827 2380
23829 2381
23835 2382
23849 2383
23850 2384
23881 2385
23882 2386
23897 2387
23919 2388
23920 2389
23925 2390
23942 2391
23945 2392
23951 2393
23957 2394
23970 2395
23985 2396
23997 2397
24001 2398
24005 2399
24009 2400
24011 2401
24016 2402
24021 2403
24038 2404
24051 2405
24054 2406
24080 2407
24091 2408
24096 2409
24111 2410
24116 2411
24137 2412
24141 2413
24151 2414
24162 2415
24170 2416
24185 2417
24186 2418
24200 2419
24205 2420
24234 2421
24235 2422
24237 2423
24239 2424
24264 2425
24266 2426
24269 2427
24270 2428
24273 2429
24277 2430
24278 2431
24279 2432
24289 2433
24296 2434
24303 2435
24330 2436
24370 2437
24386 2438
24423 2439
24427 2440
24436 2441
24438 2442
24472 2443
24473 2444
24488 2445
24501 2446
24505 2447
24507 2448
24513 2449
24519 2450
24541 2451
24543 2452
24568 2453
24569 2454
24579 2455
24620 2456
24649 2457
24652 2458
24656 2459
24663 2460
24679 2461
24699 2462
24717 2463
24719 2464
24720 2465
24731 2466
24747 2467
24759 2468
24769 2469
24778 2470
24787 2471
24798 2472
24800 2473
24811 2474
24814 2475
24816 2476
24844 2477
24846 2478
24850 2479
24868 2480
24887 2481
24890 2482
24903 2483
24919 2484
24938 2485
24942 2486
24947 2487
24951 2488
24957 2489
24959 2490
24964 2491
24977 2492
24993 2493
24999 2494
25009 2495
25013 2496
25020 2497
25036 2498
25045 2499
25050 2500
25083 2501
25094 2502
25097 2503
25102 2504
25127 2505
25136 2506
25151 2507
25153 2508
25189 2509
25194 2510
25197 2511
25198 2512
25226 2513
25236 2514
25242 2515
25243 2516
25256 2517
25258 2518
25269 2519
25272 2520
25278 2521
25296 2522
25302 2523
25308 2524
25314 2525
25316 2526
25331 2527
25340 2528
25344 2529
25346 2530
25347 2531
25363 2532
25366 2533
25374 2534
25382 2535
25394 2536
25398 2537
25412 2538
25415 2539
25424 2540
25430 2541
25433 2542
25492 2543
25511 2544
25524 2545
25525 2546
25531 2547
25543 2548
25544 2549
25550 2550
25553 2551
25556 2552
25568 2553
25575 2554
25583 2555
25590 2556
25595 2557
25606 2558
25614 2559
25621 2560
25623 2561
25646 2562
25654 2563
25656 2564
25675 2565
25683 2566
25686 2567
25698 2568
25702 2569
25704 2570
25706 2571
25715 2572
25717 2573
25718 2574
25719 2575
25729 2576
25745 2577
25747 2578
25749 2579
25751 2580
25773 2581
25788 2582
25789 2583
25800 2584
25819 2585
25824 2586
25831 2587
25845 2588
25856 2589
25863 2590
25903 2591
25910 2592
25911 2593
25922 2594
25927 2595
25935 2596
25947 2597
25956 2598
26006 2599
26010 2600
26011 2601
26037 2602
26045 2603
26048 2604
26049 2605
26052 2606
26063 2607
26072 2608
26079 2609
26082 2610
26083 2611
26090 2612
26113 2613
26122 2614
26128 2615
26138 2616
26140 2617
26150 2618
26188 2619
26198 2620
26211 2621
26216 2622
26229 2623
26234 2624
26241 2625
26242 2626
26266 2627
26279 2628
26285 2629
26288 2630
26291 2631
26293 2632
26306 2633
26316 2634
26334 2635
26342 2636
26347 2637
26356 2638
26365 2639
26366 2640
26381 2641
26392 2642
26403 2643
26409 2644
26416 2645
26417 2646
26425 2647
26441 2648
26447 2649
26455 2650
26463 2651
26478 2652
26482 2653
26487 2654
26491 2655
26497 2656
26499 2657
26500 2658
26502 2659
26503 2660
26505 2661
26519 2662
26524 2663
26543 2664
26548 2665
26555 2666
26564 2667
26565 2668
26603 2669
26607 2670
26617 2671
26632 2672
26645 2673
26646 2674
26652 2675
26657 2676
26664 2677
26688 2678
26704 2679
26711 2680
26712 2681
26721 2682
26731 2683
26739 2684
26748 2685
26753 2686
26754 2687
26762 2688
26775 2689
26784 2690
26804 2691
26816 2692
26817 2693
26835 2694
26868 2695
26872 2696
26892 2697
26899 2698
26903 2699
26921 2700
26924 2701
26951 2702
26953 2703
26955 2704
26977 2705
26979 2706
26984 2707
26985 2708
26990 2709
26995 2710
26997 2711
26999 2712
27011 2713
27028 2714
27053 2715
27060 2716
27066 2717
27079 2718
27098 2719
27130 2720
27133 2721
27143 2722
27147 2723
27157 2724
27158 2725
27176 2726
27177 2727
27199 2728
27209 2729
27218 2730
27225 2731
27239 2732
27240 2733
27246 2734
27259 2735
27293 2736
27303 2737
27307 2738
27332 2739
27345 2740
27349 2741
27355 2742
27368 2743
27384 2744
27391 2745
27397 2746
27400 2747
27416 2748
27417 2749
27426 2750
27429 2751
27446 2752
27448 2753
27481 2754
27491 2755
27494 2756
27499 2757
27504 2758
27511 2759
27516 2760
27520 2761
27521 2762
27546 2763
27551 2764
27563 2765
27577 2766
27590 2767
27608 2768
27618 2769
27632 2770
27641 2771
27648 2772
27665 2773
27667 2774
27683 2775
27696 2776
27699 2777
27702 2778
27705 2779
27713 2780
27737 2781
27738 2782
27744 2783
27756 2784
27758 2785
27759 2786
27763 2787
27780 2788
27782 2789
27783 2790
27799 2791
27820 2792
27825 2793
27831 2794
27834 2795
27856 2796
27863 2797
27866 2798
27874 2799
27877 2800
27882 2801
27887 2802
27892 2803
27893 2804
27895 2805
27904 2806
27918 2807
27926 2808
27932 2809
27934 2810
27978 2811
27981 2812
27991 2813
27999 2814
28003 2815
28054 2816
28068 2817
28069 2818
28085 2819
28092 2820
28098 2821
28099 2822
28103 2823
28113 2824
28115 2825
28122 2826
28137 2827
28159 2828
28164 2829
28179 2830
28189 2831
28191 2832
28202 2833
28207 2834
28214 2835
28229 2836
28252 2837
28258 2838
28266 2839
28276 2840
28302 2841
28313 2842
28314 2843
28332 2844
28353 2845
28361 2846
28378 2847
28379 2848
28389 2849
28406 2850
28411 2851
28416 2852
28425 2853
28426 2854
28431 2855
28446 2856
28449 2857
28472 2858
28490 2859
28495 2860
28496 2861
28523 2862
28535 2863
28555 2864
28573 2865
28576 2866
28580 2867
28583 2868
28600 2869
28610 2870
28621 2871
28626 2872
28643 2873
28653 2874
28655 2875
28657 2876
28665 2877
28677 2878
28678 2879
28699 2880
28713 2881
28720 2882
28722 2883
28724 2884
28729 2885
28737 2886
28744 2887
28747 2888
28766 2889
28783 2890
28785 2891
28801 2892
28813 2893
28826 2894
28839 2895
28840 2896
28857 2897
28868 2898
28889 2899
28890 2900
28893 2901
28906 2902
28909 2903
28926 2904
28927 2905
28937 2906
28948 2907
28958 2908
28984 2909
28988 2910
29010 2911
29015 2912
29036 2913
29046 2914
29053 2915
29060 2916
29083 2917
29091 2918
29095 2919
29097 2920
29121 2921
29132 2922
29139 2923
29142 2924
29144 2925
29149 2926
29150 2927
29155 2928
29173 2929
29207 2930
29229 2931
29241 2932
29256 2933
29269 2934
29299 2935
29301 2936
29303 2937
29310 2938
29311 2939
29320 2940
29323 2941
29331 2942
29343 2943
29346 2944
29352 2945
29377 2946
29379 2947
29393 2948
29394 2949
29402 2950
29422 2951
29429 2952
29446 2953
29454 2954
29468 2955
29477 2956
29480 2957
29487 2958
29496 2959
29505 2960
29506 2961
29528 2962
29532 2963
29536 2964
29554 2965
29572 2966
29582 2967
29585 2968
29615 2969
29647 2970
29657 2971
29661 2972
29705 2973
29708 2974
29712 2975
29716 2976
29717 2977
29721 2978
29751 2979
29763 2980
29785 2981
29799 2982
29811 2983
29830 2984
29845 2985
29859 2986
29868 2987
29870 2988
29888 2989
29904 2990
29906 2991
29909 2992
29910 2993
29924 2994
29931 2995
29948 2996
29949 2997
29955 2998
29960 2999
29963 3000
29964 3001
29974 3002
29986 3003
30010 3004
30019 3005
30028 3006
30044 3007
30052 3008
30053 3009
30055 3010
30056 3011
30062 3012
30077 3013
30082 3014
30087 3015
30103 3016
30106 3017
30118 3018
30119 3019
30134 3020
30143 3021
30153 3022
30159 3023
30163 3024
30164 3025
30173 3026
30176 3027
30180 3028
30188 3029
30194 3030
30219 3031
30231 3032
30247 3033
30248 3034
30261 3035
30277 3036
30281 3037
30282 3038
30298 3039
30308 3040
30329 3041
30344 3042
30423 3043
30433 3044
30436 3045
30437 3046
30444 3047
30455 3048
30471 3049
30497 3050
30512 3051
30541 3052
30552 3053
30563 3054
30573 3055
30576 3056
30595 3057
30597 3058
30602 3059
30621 3060
30624 3061
30630 3062
30639 3063
30644 3064
30665 3065
30678 3066
30681 3067
30682 3068
30690 3069
30692 3070
30693 3071
30708 3072
30717 3073
30722 3074
30754 3075
30790 3076
30792 3077
30822 3078
30823 3079
30824 3080
30839 3081
30843 3082
30850 3083
30853 3084
30862 3085
30864 3086
30876 3087
30881 3088
30882 3089
30898 3090
30899 3091
30900 3092
30915 3093
30918 3094
30940 3095
30942 3096
30971 3097
31028 3098
31040 3099
31049 3100
31057 3101
31066 3102
31070 3103
31076 3104
31079 3105
31081 3106
31086 3107
31089 3108
31091 3109
31098 3110
31105 3111
31111 3112
31131 3113
31137 3114
31162 3115
31184 3116
31189 3117
31198 3118
31201 3119
31208 3120
31228 3121
31241 3122
31261 3123
31263 3124
31275 3125
31280 3126
31282 3127
31288 3128
31296 3129
31303 3130
31348 3131
31359 3132
31366 3133
31370 3134
31392 3135
31406 3136
31434 3137
31468 3138
31474 3139
31475 3140
31478 3141
31496 3142
31505 3143
31513 3144
31525 3145
31527 3146
31532 3147
31548 3148
31558 3149
31563 3150
31581 3151
31582 3152
31585 3153
31593 3154
31595 3155
31605 3156
31607 3157
31609 3158
31615 3159
31618 3160
31627 3161
31631 3162
31641 3163
31644 3164
31651 3165
